[gd_scene load_steps=8 format=3 uid="uid://blhke6jw1ae1h"]

[ext_resource type="Environment" uid="uid://de42pcq6ihk6f" path="res://custom_environment.tres" id="1_se5um"]
[ext_resource type="PackedScene" uid="uid://dmeu6itpc0f30" path="res://scenes/hero/hero.tscn" id="2_abg1x"]

[sub_resource type="StandardMaterial3D" id="StandardMaterial3D_eagy4"]
diffuse_mode = 1
albedo_color = Color(0.537255, 0.666667, 0.333333, 1)

[sub_resource type="PlaneMesh" id="PlaneMesh_ecjik"]
material = SubResource("StandardMaterial3D_eagy4")
size = Vector2(40, 40)

[sub_resource type="StandardMaterial3D" id="StandardMaterial3D_wbg6c"]
diffuse_mode = 1
albedo_color = Color(0.619608, 0.196078, 0.152941, 1)

[sub_resource type="BoxMesh" id="BoxMesh_4nb16"]
material = SubResource("StandardMaterial3D_wbg6c")

[sub_resource type="ConcavePolygonShape3D" id="ConcavePolygonShape3D_ahgx6"]
data = PackedVector3Array(20, 0, 20, -20, 0, 20, 20, 0, -20, -20, 0, 20, -20, 0, -20, 20, 0, -20)

[node name="Main" type="Node3D"]

[node name="WorldEnvironment" type="WorldEnvironment" parent="."]
environment = ExtResource("1_se5um")

[node name="DirectionalLight3D" type="DirectionalLight3D" parent="."]
transform = Transform3D(-0.614492, -0.655575, 0.438886, -1.75549e-08, 0.55631, 0.830975, -0.788923, 0.510627, -0.341848, 0, 1.85305, 0)
shadow_enabled = true

[node name="MeshInstance3D" type="MeshInstance3D" parent="."]
mesh = SubResource("PlaneMesh_ecjik")

[node name="MeshInstance3D" type="MeshInstance3D" parent="MeshInstance3D"]
transform = Transform3D(-0.219676, 0, 0.975573, 0, 1, 0, -0.975573, 0, -0.219676, 2.06317, 1.31466, 0)
mesh = SubResource("BoxMesh_4nb16")

[node name="StaticBody3D2" type="StaticBody3D" parent="MeshInstance3D"]

[node name="CollisionShape3D" type="CollisionShape3D" parent="MeshInstance3D/StaticBody3D2"]
shape = SubResource("ConcavePolygonShape3D_ahgx6")

[node name="Hero" parent="." instance=ExtResource("2_abg1x")]
transform = Transform3D(-0.258819, 0, 0.965926, 0, 1, 0, -0.965926, 0, -0.258819, -4, 5.96046e-08, 0)
